[gd_scene load_steps=15 format=3 uid="uid://xpwagbbkxbx3"]

[ext_resource type="Script" uid="uid://cu860h2fx348e" path="res://scripts/world/house_room.gd" id="1_4o67w"]
[ext_resource type="MeshLibrary" uid="uid://klt1tp7bm4uy" path="res://assets/world/mesh_library.tres" id="2_trrfu"]
[ext_resource type="Shader" uid="uid://diq7wrux1adn8" path="res://materials/outside_skye.tres" id="3_3xffa"]
[ext_resource type="Texture2D" uid="uid://dd2poklr8a4ia" path="res://materials/skye_clouds.png" id="4_k1u2m"]
[ext_resource type="PackedScene" uid="uid://drggevhvr6isq" path="res://scenes/character/player.tscn" id="5_gvw1f"]
[ext_resource type="Script" uid="uid://n4q62jj6svii" path="res://scripts/world/kill_zone.gd" id="7_8l8db"]
[ext_resource type="PackedScene" uid="uid://cqph8vk8h34u3" path="res://scenes/room_anchor.tscn" id="8_3xffa"]
[ext_resource type="PackedScene" uid="uid://bammk1yn3818b" path="res://scenes/atrezzo/cloud.tscn" id="10_3xffa"]
[ext_resource type="PackedScene" uid="uid://42tguq3fskn1" path="res://scenes/UI.tscn" id="16_bb3j3"]
[ext_resource type="PackedScene" uid="uid://b6ma3vj8q45kp" path="res://scenes/intro.tscn" id="17_w4r0u"]

[sub_resource type="ShaderMaterial" id="ShaderMaterial_soh3a"]
shader = ExtResource("3_3xffa")
shader_parameter/Top_Color = Color(0.074644, 0.218426, 0.247036, 1)
shader_parameter/Horizon_Color = Color(0.047408, 0.184391, 0.19917, 1)
shader_parameter/skye_cloudes = ExtResource("4_k1u2m")
shader_parameter/Bottom_Color = Color(0.0875642, 0.172635, 0.142843, 1)

[sub_resource type="Sky" id="Sky_210xl"]
sky_material = SubResource("ShaderMaterial_soh3a")

[sub_resource type="Environment" id="Environment_w1t30"]
background_mode = 2
sky = SubResource("Sky_210xl")
tonemap_mode = 2

[sub_resource type="WorldBoundaryShape3D" id="WorldBoundaryShape3D_3wmay"]

[node name="HouseRoom" type="Node3D"]
script = ExtResource("1_4o67w")

[node name="GridMap" type="GridMap" parent="."]
mesh_library = ExtResource("2_trrfu")
metadata/_editor_floor_ = Vector3(0, 1, 0)

[node name="Environment" type="Node3D" parent="."]

[node name="DirectionalLight3D" type="DirectionalLight3D" parent="Environment"]
transform = Transform3D(-0.866023, -0.433016, 0.250001, 0, 0.499998, 0.866027, -0.500003, 0.749999, -0.43301, 0, 0, 0)
light_color = Color(0.205117, 0.205117, 0.205117, 1)
light_energy = 0.1
shadow_enabled = true

[node name="WorldEnvironment" type="WorldEnvironment" parent="Environment"]
environment = SubResource("Environment_w1t30")

[node name="PlayerAnchor" type="Node3D" parent="."]
transform = Transform3D(1, 0, 0, 0, 1, 0, 0, 0, 1, 5.00733, 2.50365, -1.56688)

[node name="Character" parent="PlayerAnchor" instance=ExtResource("5_gvw1f")]
transform = Transform3D(1, 0, 0, 0, 1, 0, 0, 0, 1, 0.449847, 1, 1.29999)

[node name="Camera3D" type="Camera3D" parent="PlayerAnchor"]
transform = Transform3D(0.891815, -0.195817, 0.407827, 0, 0.901471, 0.432839, -0.452402, -0.386012, 0.803945, 0.829713, 1.34768, 4.02396)

[node name="KillZone" type="Area3D" parent="."]
transform = Transform3D(1, 0, 0, 0, 1, 0, 0, 0, 1, 0, -37.9223, 0)
collision_layer = 0
collision_mask = 6
script = ExtResource("7_8l8db")

[node name="CollisionShape3D" type="CollisionShape3D" parent="KillZone"]
shape = SubResource("WorldBoundaryShape3D_3wmay")

[node name="Clouds" type="Node3D" parent="."]
transform = Transform3D(1, 0, 0, 0, 1, 0, 0, 0, 1, 0, -5.69094, -7.64857)

[node name="Cloud" parent="Clouds" instance=ExtResource("10_3xffa")]
transform = Transform3D(1, 0, 0, 0, 1, 0, 0, 0, 1, 3.84437, 4.63058, -14.149)

[node name="Cloud2" parent="Clouds" instance=ExtResource("10_3xffa")]
transform = Transform3D(-0.4, 0, -6.03983e-08, 0, 0.4, 0, 6.03983e-08, 0, -0.4, 3.84437, 8.1752, -20.8531)
speed_multiplier = 0.5

[node name="Cloud3" parent="Clouds" instance=ExtResource("10_3xffa")]
transform = Transform3D(-0.72213, 0, 0.0644484, 0, 0.725, 0, -0.0644484, 0, -0.72213, -7.21231, 7.43401, -14.149)
speed_multiplier = 0.6

[node name="Cloud4" parent="Clouds" instance=ExtResource("10_3xffa")]
transform = Transform3D(0.765, 0, 1.33757e-07, 0, 0.765, 0, -1.33757e-07, 0, 0.765, 10.0034, 7.43401, -17.77)
speed_multiplier = 0.8

[node name="RoomAnchor" parent="." instance=ExtResource("8_3xffa")]

[node name="UI" parent="." instance=ExtResource("16_bb3j3")]

[node name="Intro" parent="." instance=ExtResource("17_w4r0u")]

[node name="Lights" type="Node3D" parent="."]

[node name="DirectionalLight3D" type="DirectionalLight3D" parent="Lights"]
transform = Transform3D(0.928389, 0.129965, -0.348143, 0.371611, -0.324688, 0.86976, 2.74775e-09, -0.936849, -0.349733, 2.99591, 6.0423, 0)
light_energy = 0.2
shadow_enabled = true

[node name="SpotLight3D3" type="SpotLight3D" parent="Lights"]
transform = Transform3D(-0.999583, -0.00261599, -0.0287448, -0.0287994, 0.0239933, 0.999297, -0.00192447, 0.999709, -0.0240587, 6.65249, 4.27553, -0.380266)
light_color = Color(1, 1, 0.435294, 1)
light_energy = 0.638
spot_range = 5.165
spot_attenuation = 1.65
spot_angle = 52.33

[node name="SpotLight3D4" type="SpotLight3D" parent="Lights"]
transform = Transform3D(0.999335, 0.00279892, 0.0363657, 0.0169467, 0.847261, -0.530907, -0.0322972, 0.53117, 0.84665, 6.38583, 2.25875, 2.04876)
visible = false
light_color = Color(1, 1, 0.435294, 1)
light_energy = 0.638
spot_range = 5.165
spot_attenuation = 1.65
spot_angle = 52.33

[node name="DresserLight" type="Node3D" parent="Lights"]

[node name="SpotLight3D" type="SpotLight3D" parent="Lights/DresserLight"]
transform = Transform3D(1, 0, 0, 0, -0.0906326, -0.995884, 0, 0.995884, -0.0906326, 2.62412, 3.20901, 0.0963263)
light_color = Color(1, 1, 0.435294, 1)
spot_angle = 68.78

[node name="SpotLight3D2" type="SpotLight3D" parent="Lights/DresserLight"]
transform = Transform3D(-0.999583, -0.00261599, -0.0287448, -0.0288636, 0.0905949, 0.99547, 0, 0.995884, -0.0906326, 2.64061, 2.96476, 0.145587)
light_color = Color(1, 1, 0.435294, 1)
spot_angle = 62.92

[connection signal="body_entered" from="KillZone" to="KillZone" method="_on_body_entered"]
